30 30
50 50
1012 1012 1012 1012 1012 1012 1012 1012 1012 1012 1012 1012 1012 1012 1012 1012 1012 1012 1012 1012 1012 1012 1012 1012 1012 1012 1012 1012 1012 1012
1012 1012 1012 1012 1012 1012 1012 1012 1012 1012 1012 1012 1012 1012 1012 1012 1012 1012 1012 1012 1012 1012 1012 1012 1012 1012 1012 1012 1012 1012
1012 1012 1012 1012 1012 1012 1012 1012 1012 1012 1012 1012 1012 1012 1012 1012 1012 1012 1012 1012 1012 1012 1012 1012 1012 1012 1012 1012 1012 1012
1012 1012 1012 1012 1012 1012 1012 1012 1012 1012 1012 1012 1012 1012 1012 1012 1012 1012 1012 1012 1012 1012 1012 1012 1012 1012 1012 1012 1012 1012
1012 1012 1012 1012 1012 1012 1012 1012 1012 1012 1012 1012 1012 1012 1012 1012 1012 1012 1012 1012 1012 1012 1012 1012 1012 1012 1012 1012 1012 1012
1012 1012 1012 1012 1012 1012 1012 1012 1012 1012 1012 1012 1012 1012 1012 1012 1012 1012 1012 1012 1012 1012 1012 1012 1012 1012 1012 1012 1012 1012
1012 1012 1012 1012 1012 1012 1012 1012 1012 1012 1012 1012 1012 1012 1012 1012 1012 1012 1012 1012 1012 1012 1012 1012 1012 1012 1012 1012 1012 1012
1012 1012 1012 1012 1012 1012 1012 1012 1012 1012 1012 1012 1012 1012 1012 1012 1012 1012 1012 1012 1012 1012 1012 1012 1012 1012 1012 1012 1012 1012
1012 1012 1012 1012 1012 1012 1012 1012 1012 1012 1012 1012 1012 1012 1012 1012 1012 1012 1012 1012 1012 1012 1012 1012 1012 1012 1012 1012 1012 1012
1012 1012 1012 1012 1012 1012 1012 1012 1012 1012 1012 1012 1012 1012 1012 1012 1012 1012 1012 1012 1012 1012 1012 1012 1012 1012 1012 1012 1012 1012
1012 1012 1012 1012 1012 1012 1012 1012 1012 1012 1012 1012 1012 1012 1012 1012 1012 1012 1012 1012 1012 1012 1012 1012 1012 1012 1012 1012 1012 1012
1012 1012 1012 1012 1012 1012 1012 1012 1012 1012 1012 1012 1012 1012 1012 1012 1012 1012 1012 1012 1012 1012 1012 1012 1012 1012 1012 1012 1012 1012
1012 1012 1012 1012 1012 1012 1012 1012 1012 1012 1012 1012 1012 1012 1012 1012 1012 1012 1012 1012 1012 1012 1012 1012 1012 1012 1012 1012 1012 1012
1012 1012 1012 1012 1012 1012 1012 1012 1012 1012 1012 1012 1012 1012 1012 1012 1012 1012 1012 1012 1012 1012 1012 1012 1012 1012 1012 1012 1012 1012
1012 1012 1012 1012 1012 1012 1012 1012 1012 1012 1012 1012 1012 1012 1012 1012 1012 1012 1012 1012 1012 1012 1012 1012 1012 1012 1012 1012 1012 1012
1012 1012 1012 1012 1012 1012 1012 1012 1012 1012 1012 1012 1012 1012 1012 1012 1012 1012 1012 1012 1012 1012 1012 1012 1012 1012 1012 1012 1012 1012
1012 1012 1012 1012 1012 1012 1012 1012 1012 1012 1012 1012 1012 1012 1012 1012 1012 1012 1012 1012 1012 1012 1012 1012 1012 1012 1012 1012 1012 1012
1012 1012 1012 1012 1012 1012 1012 1012 1012 1012 1012 1012 1012 1012 1012 1012 1012 1012 1012 1012 1012 1012 1012 1012 1012 1012 1012 1012 1012 1012
1012 1012 1012 1012 1012 1012 1012 1012 1012 1012 1012 1012 1012 1012 1012 1012 1012 1012 1012 1012 1012 1012 1012 1012 1012 1012 1012 1012 1012 1012
1012 1012 1012 1012 1012 1012 1012 1012 1012 1012 1012 1012 1012 1012 1012 1012 1012 1012 1012 1012 1012 1012 1012 1012 1012 1012 1012 1012 1012 1012
1012 1012 1012 1012 1012 1012 1012 1012 1012 1012 1012 1012 1012 1012 1012 1012 1012 1012 1012 1012 1012 1012 1012 1012 1012 1012 1012 1012 1012 1012
1012 1012 1012 1012 1012 1012 1012 1012 1012 1012 1012 1012 1012 1012 1012 1012 1012 1012 1012 1012 1012 1012 1012 1012 1012 1012 1012 1012 1012 1012
1012 1012 1012 1012 1012 1012 1012 1012 1012 1012 1012 1012 1012 1012 1012 1012 1012 1012 1012 1012 1012 1012 1012 1012 1012 1012 1012 1012 1012 1012
1012 1012 1012 1012 1012 1012 1012 1012 1012 1012 1012 1012 1012 1012 1012 1012 1012 1012 1012 1012 1012 1012 1012 1012 1012 1012 1012 1012 1012 1012
1012 1012 1012 1012 1012 1012 1012 1012 1012 1012 1012 1012 1012 1012 1012 1012 1012 1012 1012 1012 1012 1012 1012 1012 1012 1012 1012 1012 1012 1012
1012 1012 1012 1012 1012 1012 1012 1012 1012 1012 1012 1012 1012 1012 1012 1012 1012 1012 1012 1012 1012 1012 1012 1012 1012 1012 1012 1012 1012 1012
1012 1012 1012 1012 1012 1012 1012 1012 1012 1012 1012 1012 1012 1012 1012 1012 1012 1012 1012 1012 1012 1012 1012 1012 1012 1012 1012 1012 1012 1012
1012 1012 1012 1012 1012 1012 1012 1012 1012 1012 1012 1012 1012 1012 1012 1012 1012 1012 1012 1012 1012 1012 1012 1012 1012 1012 1012 1012 1012 1012
1012 1012 1012 1012 1012 1012 1012 1012 1012 1012 1012 1012 1012 1012 1012 1012 1012 1012 1012 1012 1012 1012 1012 1012 1012 1012 1012 1012 1012 1012
1012 1012 1012 1012 1012 1012 1012 1012 1012 1012 1012 1012 1012 1012 1012 1012 1012 1012 1012 1012 1012 1012 1012 1012 1012 1012 1012 1012 1012 1012 